na
na
na
na
na
na
7.297728
7.297728
7.670061
7.670061
7.670061
7.670061
 8.56366
 8.56366
 8.56366
 8.56366
8.191327
8.191327
8.191327
8.191327
8.191327
8.191327
8.191327
8.191327
8.935993
8.935993
8.935993
8.935993
7.074328
6.850928
6.850928
6.850928
6.701995
6.701995
7.074328
7.074328
7.074328
7.074328
7.074328
7.074328
7.074328
7.074328
7.074328
7.074328
7.074328
7.074328
7.074328
7.074328
7.074328
7.074328
7.074328
7.074328
7.074328
7.074328
7.074328
8.935993
8.935993
8.191327
8.191327
8.191327
8.191327
8.191327
7.074328
7.074328
6.701995
6.329662
8.191327
7.424321
6.701995
7.446661
7.074328
7.446661
7.074328
7.446661
7.588148
7.588148
7.439214
8.191327
7.967927
8.183881
8.287655
8.438339
8.174641
8.174641
8.174641
8.362997
8.362997
8.362997
8.280121
8.280121
7.534232
7.534232
7.534232
7.910943
8.287655
8.664366
9.041078
9.041078
9.041078
9.041078
 9.11642
 9.11642
 9.11642
9.108886
9.101352
9.101352
8.513682
8.664366
8.664366
9.191763
9.342447
9.493132
9.493132
9.794501
9.643817
9.568474
9.568474
9.794501
9.794501
9.794501
9.794501
10.17121
10.39724
10.39724
10.39724
10.54792
10.54039
10.54039
 10.3219
 10.3219
 10.3219
 10.3219
10.17121
10.24656
9.794501
9.794501
 10.3219
9.794501
10.54792
10.54792
10.54792
10.54792
10.92464
11.67806
12.43148
13.56162
  15.076
16.49997
16.42463
15.06846
15.06846
15.82189
 16.1986
 16.1986
16.42463
16.42463
16.57531
16.57531
17.32873
17.74312
18.83558
19.21229
19.43832
19.96571
19.96571
20.34243
21.09585
21.47256
21.84927
 22.6027
 22.6027
24.10954
24.86296
 25.9931
27.80131
27.49995
26.74652
 25.9931
26.29447
26.29447
 25.9931
25.91776
25.23968
25.23968
24.10954
23.51434
24.10954
24.10954
24.10954
 22.6027
 22.6027
22.97941
 22.6027
 22.6027
 22.6027
 22.6027
 22.6027
 22.6027
 22.6027
 22.6027
22.97941
22.97941
 22.6027
 22.6027
 22.6027
24.10954
24.71228
24.71228
24.71228
21.09585
21.09585
 22.6027
 22.6027
22.45201
22.45201
21.09585
22.52735
21.47256
22.22598
22.22598
22.22598
22.22598
21.84927
21.84927
21.84927
21.84927
 22.0753
 22.0753
22.06776
 22.6027
22.30133
21.47256
21.47256
21.47256
21.47256
20.79448
21.09585
20.79448
  19.589
18.83558
18.83558
  19.589
18.83558
18.83558
  19.589
20.34243
20.71914
20.71914
20.71914
 22.6027
 22.6027
 22.6027
 22.6027
 22.6027
22.22598
22.22598
 22.6027
 22.6027
22.97941
22.82872
 22.6027
 22.6027
22.97941
23.35612
24.86296
24.86296
22.61023
23.16776
24.10954
24.48625
25.23968
 25.9931
 25.9931
26.74652
 25.9931
27.12323
27.12323
27.12323
28.63008
28.63008
29.00679
29.00679
29.00679
28.63008
28.63008
 29.3835
30.13693
30.89035
30.89035
31.26706
31.26706
32.02048
32.02048
32.02048
30.51364
30.51364
29.76022
30.13693
30.13693
30.13693
30.13693
30.13693
30.13693
30.13693
 29.3835
30.13693
30.13693
29.98624
30.12939
 32.3972
 32.3972
33.15062
34.65747
34.65747
34.65747
34.65747
34.65747
35.41089
35.41089
35.86294
35.86294
35.86294
35.86294
35.41089
35.41089
35.93829
35.41089
39.15857
40.96838
38.33049
38.07439
38.07439
37.56218
38.07439
38.07439
38.41586
38.41586
 38.4244
39.69639
44.39166
44.81851
46.09904
46.95272
46.95272
46.95272
49.51378
50.36746
50.36746
51.22115
51.22115
52.92852
53.78221
52.07484
52.92852
55.48958
54.63589
54.63589
54.63589
54.63589
55.48958
56.34327
58.47748
59.75801
62.31907
62.31907
63.17275
64.02644
 63.5996
61.46538
61.46538
61.89222
61.89222
61.89222
 63.5996
64.02644
64.02644
62.31907
63.17275
63.17275
63.17275
63.17275
63.17275
63.17275
62.58371
62.66054
64.02644
64.70939
64.70939
64.79476
64.79476
64.02644
64.02644
64.45328
64.45328
64.45328
61.46538
61.46538
63.17275
63.17275
62.31907
62.31907
61.46538
61.46538
62.31907
62.31053
61.89222
61.03854
 60.8678
   61.03
   61.03
   61.03
59.75801
59.75801
60.61169
60.61169
60.61169
59.75801
59.74947
59.74947
59.74947
59.74947
59.74947
59.74947
59.74947
59.74947
59.74947
59.74947
59.74947
59.75801
59.75801
59.75801
52.91999
52.91999
52.92852
52.92852
53.78221
53.78221
53.78221
53.78221
53.78221
53.78221
53.78221
53.78221
53.78221
53.78221
53.78221
53.78221
53.78221
53.78221
53.78221
53.78221
53.78221
51.22115
51.22115
52.07484
51.30652
55.48958
55.48958
43.12821
46.09904
44.90388
42.68429
41.82207
40.97692
40.29397
38.41586
35.85481
32.44006
35.42796
38.41586
35.86334
37.51949
38.37318
37.56218
39.26955
39.01344
37.14387
36.70849
37.98048
38.41586
39.26955
39.26955
39.69639
39.26955
39.26955
38.84271
39.26955
40.80618
41.83061
42.68429
42.68429
43.11114
44.81851
45.24535
46.95272
46.95272
47.79787
48.23325
49.08694
49.08694
48.58326
 49.1723
49.85525
 48.9162
49.08694
46.09904
48.65156
46.95272
46.44051
46.52588
46.10757
46.09904
46.52588
46.52588
46.09904
46.44905
 45.9283
46.36368
46.52588
46.52588
46.69662
46.95272
46.53442
49.08694
49.94062
50.36746
52.07484
52.07484
52.07484
49.51378
49.51378
49.51378
51.22115
51.22115
50.36746
50.36746
50.35893
50.35893
49.51378
49.51378
49.51378
49.51378
47.80641
49.51378
51.22115
51.22115
49.94062
50.36746
49.51378
48.83083
48.83083
49.51378
48.64302
49.94916
50.36746
49.51378
50.36746
50.36746
49.85525
49.94062
50.36746
51.22115
52.07484
53.78221
52.92852
53.35537
52.92852
51.22115
51.22115
51.22115
53.35537
53.34683
58.50309
58.05064
58.90432
58.90432
64.02644
62.31907
62.31907
64.84667
64.37333
63.42667
64.84667
 64.8372
63.42667
63.42667
64.37333
    63.9
   62.48
  64.184
63.42667
63.42667
64.08933
  64.326
64.37333
63.42667
63.42667
63.14267
64.36387
64.36387
63.42667
   62.48
   62.48
62.00667
62.00667
  63.332
60.11333
55.85333
55.85333
54.90667
  54.954
57.74667
61.43867
64.36387
64.37333
    63.9
63.42667
60.11333
    56.8
55.85333
56.32667
61.53333
63.42667
60.58667
62.01613
  62.196
60.58667
60.58667
53.48667
55.85333
   55.38
 52.0856
   55.38
55.85333
   53.96
   53.96
   55.38
55.85333
55.85333
52.06667
56.32667
55.85333
52.30333
53.01333
54.43333
53.01333
    56.8
55.85333
53.01333
56.32667
52.54947
55.85333
54.88773
56.80947
    56.8
    56.8
    56.8
    56.8
    56.8
55.85333
55.85333
55.85333
55.85333
54.90667
   53.96
53.01333
55.85333
55.85333
55.85333
55.85333
55.85333
  56.516
55.85333
55.85333
55.85333
55.85333
55.85333
55.85333
55.85333
55.85333
55.85333
55.85333
55.85333
55.85333
 56.3456
56.61067
    56.8
    56.8
61.53333
56.07107
56.07107
58.69333
61.52387
61.52387
61.52387
61.52387
61.52387
58.69333
57.74667
57.74667
57.74667
57.74667
58.68387
56.80947
56.80947
    56.8
    56.8
    56.8
54.90667
    56.8
    56.8
    56.8
    56.8
    56.8
    56.8
    56.8
55.85333
52.06667
   53.96
52.06667
53.95053
52.06667
52.06667
52.06667
47.33333
   51.12
50.16387
50.17333
48.75333
47.33333
46.38667
46.38667
   45.44
52.06667
52.06667
   51.12
   51.12
56.79053
    56.8
   59.64
   59.64
   59.64
59.87667
59.87667
59.87667
59.87667
59.87667
59.87667
59.87667
59.87667
59.87667
59.87667
63.42667
63.42667
63.42667
63.42667
63.42667
63.42667
63.42667
63.42667
63.42667
63.42667
58.68387
58.68387
58.68387
 58.6744
 58.6744
 58.6744
 58.6744
 58.6744
56.79053
    56.8
    56.8
    56.8
    56.8
55.84387
55.84387
55.84387
55.84387
50.17333
47.33333
55.85333
55.85333
55.85333
55.85333
55.85333
55.85333
55.85333
55.85333
55.85333
55.85333
55.85333
55.84387
55.84387
55.84387
55.84387
55.84387
55.84387
55.84387
55.84387
55.84387
55.84387
55.84387
52.06667
52.06667
53.01333
53.01333
52.06667
52.06667
53.01333
53.01333
    56.8
    56.8
    56.8
    56.8
    56.8
    56.8
    56.8
    56.8
    56.8
58.72173
58.72173
58.72173
    56.8
66.26667
      71
      71
      71
      71
      71
      71
      71
      70
      70
      70
   67.99
   67.99
   67.99
      67
      67
      65
      67
   63.51
      65
      65
      65
    63.5
      65
   62.36
      63
      63
      63
      63
   62.99
      65
      65
      65
      65
      65
      65
    64.8
      65
      65
      65
      65
      64
      66
      68
      72
      72
      72
      72
      72
      72
      72
      72
      72
      72
   69.99
   69.99
   69.99
   69.99
   69.99
   69.99
   69.99
   69.99
   62.49
      66
      66
      66
   74.99
   74.99
   74.99
   74.99
   74.99
   74.99
   74.99
   74.99
   74.99
   74.99
   74.99
   74.99
   74.99
   74.99
   74.99
   68.88
   68.88
   68.88
   68.88
   68.88
   68.88
      64
      64
      64
      64
      64
      64
      60
   59.99
   59.99
   59.99
   59.99
   59.99
      53
      64
      64
      64
      64
   59.99
   59.99
      60
      60
      60
      60
      60
      60
      60
      60
      60
      60
      60
      60
      60
      60
      60
      60
      60
      60
      60
      60
      55
      55
      55
      55
      55
      55
   54.99
   54.99
   54.99
   54.99
   54.99
   54.99
   54.99
   54.99
   54.99
   54.99
   54.99
   54.99
      58
      58
      58
      58
      58
      58
      58
   61.75
   61.75
   61.75
   61.75
   61.75
   61.75
   61.75
   61.75
   61.75
   61.75
   61.75
   61.75
   61.75
   61.75
   61.75
   61.75
   61.75
   61.75
   64.99
   64.99
   64.99
   64.99
   64.99
   64.99
   64.99
   64.99
   64.99
   64.99
   64.99
   64.99
   54.99
   54.99
   54.99
   54.99
   54.99
   54.99
   54.99
   54.99
   54.99
   54.99
   54.99
   54.99
   54.99
   54.99
   54.99
   54.99
   54.99
   54.99
   54.99
   54.99
   54.99
   54.99
   54.99
   54.99
   54.99
      40
      40
    52.9
    52.9
      42
      42
      39
      39
      39
      52
      52
   49.98
   49.98
   49.98
   49.98
   49.98
   49.98
   49.98
   49.98
      39
      39
      42
      42
      42
      42
      42
      42
      42
      42
      42
      42
      42
      42
      42
      38
      38
      30
      30
      30
      30
      32
      32
      32
      32
      32
   35.01
    34.1
    34.1
    34.1
    34.1
    34.1
    34.1
    34.1
    34.1
      37
      37
      37
      37
      37
      37
      37
      37
      37
      37
      37
      37
      37
      37
      37
      37
      37
      37
      37
      37
      37
      37
      37
      40
      40
      40
      43
      43
      45
      45
      45
      45
      45
      45
      45
      45
      45
      45
      45
      45
      45
      45
      45
      45
      45
      45
      45
      45
      45
      45
      45
      45
      45
      45
      45
      45
      45
      45
      45
      45
      45
      45
      45
      45
      45
      45
      45
      45
      45
      45
      45
      45
      45
      45
      45
      45
      45
      45
      45
      45
      45
      45
      45
      45
      45
      45
      45
      45
      45
      45
      45
      45
      45
      45
      45
      45
      45
      45
      45
      45
      45
      45
      45
      45
      45
      45
      45
      45
      45
      45
      45
      45
      45
      45
      45
      45
      45
      45
      45
      45
      45
      45
      45
      45
      45
      45
      45
      45
      45
      45
      45
      45
      45
      45
      45
      45
      45
      45
      45
      45
      45
      45
      45
      45
      45
      45
      45
      45
      45
      45
      45
      45
      45
      45
      45
      45
      45
      45
      45
      45
      45
      45
      45
      45
      45
      45
      45
      45
      45
      45
      45
      45
      45
      45
      45
      45
      45
      45
      45
      45
      45
      45
      45
      45
      45
      45
      45
      45
      45
      45
      45
      45
      45
      45
      45
      45
      45
      45
      45
      45
      45
      45
      45
      45
      45
      45
      45
      45
      45
      45
      45
      45
      45
      45
      45
      45
      45
      45
      45
      45
      45
      45
      45
      45
      45
      45
      45
      45
      45
      45
      45
      45
      45
      45
      45
      45
      45
      45
      45
      45
      45
      45
      45
      45
      45
      45
      45
      45
      45
      45
      45
      45
      45
      45
      45
      45
      45
      45
      45
      45
      45
      45
      45
      45
      45
      45
      45
      45
      45
      45
      45
      45
      45
      45
      45
      45
      45
      45
      45
      45
      45
      45
      45
      45
      45
      45
      45
      45
      45
      45
      45
      45
      45
      45
      45
      45
      45
      45
      45
      45
      45
      45
      45
      45
      45
      45
      45
      45
      45
      45
      45
      45
      45
      45
      45
      45
      45
      45
      45
      45
      45
      45
      45
      45
      45
      45
      45
      45
      45
      45
      45
      45
      45
      45
      45
      45
      45
      45
      45
      45
      45
      45
      45
      45
      45
      45
      45
      45
      45
      45
      45
      45
      45
      45
      45
      45
      45
      45
      45
      45
      45
      45
      45
      45
      45
      45
      45
      45
      45
      45
      45
      45
      45
      45
      45
      45
      45
      45
      45
      45
      45
      45
      45
      45
      45
      45
      45
      45
      45
      45
      45
      45
      45
      45
      45
      45
      45
      45
      45
      45
      45
      45
      45
      45
      45
      45
      45
      45
      45
      45
      45
      45
      45
      45
      45
